EqName	FreeStand1	FreeStand2	FreeStand3	MeleeWStand	RangeWStand	DoubleWStand	FreeWalk	NormalWalk	MeleeWWalk	RangeWWalk	DoubleWWalk	FreeRun	NormalRun	MeleeWRun	RangeWRun	DoubleWRun	FreeWound	MeleeWWound	RangeWWound	DoubleWWound	FreeDie	MeleeWDie	RangeWDie	DoubleWDie	FreeAttack	MeleeWPuncture	MeleeWCut	RangeWPuncture	RangeWCut	DoubleWPull	DoubleWPound	DartThrow	FreeMagic	MeleeWMagic	RangeWMagic	DoubleWMagic	SitDown	Jump	RideStand	RideWalk	RideRun	RideCut	RidePuncture	RideMagic	RideWound	RideDie	RideStand1	RideStand2
Thân thể 01	120,8,1	120,8,1	88,8,1	88,8,1	88,8,1	88,8,1	120,8,1	120,8,1	120,8,1	120,8,1	120,8,1	88,8,1	88,8,1	88,8,1	88,8,1	88,8,1	72,8,1	64,8,1	56,8,1	96,8,1	96,8,1	88,8,1	120,8,1	144,8,1	144,8,1	128,8,1	112,8,1	96,8,1	96,8,1	128,8,1	96,8,1	128,8,1	96,8,1	96,8,1	104,8,1	128,8,1	72,8,1	160,8,1	112,8,1	96,8,1	80,8,1	96,8,1	112,8,1	96,8,1	48,8,1	112,8,1	112,8,1	112,8,1
Thân thể 02	120,8,1	120,8,1	88,8,1	88,8,1	88,8,1	88,8,1	120,8,1	120,8,1	120,8,1	120,8,1	120,8,1	88,8,1	88,8,1	88,8,1	88,8,1	88,8,1	72,8,1	64,8,1	56,8,1	96,8,1	96,8,1	88,8,1	120,8,1	144,8,1	144,8,1	128,8,1	112,8,1	96,8,1	96,8,1	128,8,1	96,8,1	128,8,1	96,8,1	96,8,1	104,8,1	128,8,1	72,8,1	160,8,1	112,8,1	96,8,1	80,8,1	96,8,1	112,8,1	96,8,1	48,8,1	112,8,1	112,8,1	112,8,1
Thân thể 03	120,8,1	120,8,1	88,8,1	88,8,1	88,8,1	88,8,1	120,8,1	120,8,1	120,8,1	120,8,1	120,8,1	88,8,1	88,8,1	88,8,1	88,8,1	88,8,1	72,8,1	64,8,1	56,8,1	96,8,1	96,8,1	88,8,1	120,8,1	144,8,1	144,8,1	128,8,1	112,8,1	96,8,1	96,8,1	128,8,1	96,8,1	128,8,1	96,8,1	96,8,1	104,8,1	128,8,1	72,8,1	160,8,1	112,8,1	96,8,1	80,8,1	96,8,1	112,8,1	96,8,1	48,8,1	112,8,1	112,8,1	112,8,1
Thân thể 04	120,8,1	120,8,1	88,8,1	88,8,1	88,8,1	88,8,1	120,8,1	120,8,1	120,8,1	120,8,1	120,8,1	88,8,1	88,8,1	88,8,1	88,8,1	88,8,1	72,8,1	64,8,1	56,8,1	96,8,1	96,8,1	88,8,1	120,8,1	144,8,1	144,8,1	128,8,1	112,8,1	96,8,1	96,8,1	128,8,1	96,8,1	128,8,1	96,8,1	96,8,1	104,8,1	128,8,1	72,8,1	160,8,1	112,8,1	96,8,1	80,8,1	96,8,1	112,8,1	96,8,1	48,8,1	112,8,1	112,8,1	112,8,1
Thân thể 05	120,8,1	120,8,1	88,8,1	88,8,1	88,8,1	88,8,1	120,8,1	120,8,1	120,8,1	120,8,1	120,8,1	88,8,1	88,8,1	88,8,1	88,8,1	88,8,1	72,8,1	64,8,1	56,8,1	96,8,1	96,8,1	88,8,1	120,8,1	144,8,1	144,8,1	128,8,1	112,8,1	96,8,1	96,8,1	128,8,1	96,8,1	128,8,1	96,8,1	96,8,1	104,8,1	128,8,1	72,8,1	160,8,1	112,8,1	96,8,1	80,8,1	96,8,1	112,8,1	96,8,1	48,8,1	112,8,1	112,8,1	112,8,1
Thân thể 06	120,8,1	120,8,1	88,8,1	88,8,1	88,8,1	88,8,1	120,8,1	120,8,1	120,8,1	120,8,1	120,8,1	88,8,1	88,8,1	88,8,1	88,8,1	88,8,1	72,8,1	64,8,1	56,8,1	96,8,1	96,8,1	88,8,1	120,8,1	144,8,1	144,8,1	128,8,1	112,8,1	96,8,1	96,8,1	128,8,1	96,8,1	128,8,1	96,8,1	96,8,1	104,8,1	128,8,1	72,8,1	160,8,1	112,8,1	96,8,1	80,8,1	96,8,1	112,8,1	96,8,1	48,8,1	112,8,1	112,8,1	112,8,1
Thân thể 07	120,8,1	120,8,1	88,8,1	88,8,1	88,8,1	88,8,1	120,8,1	120,8,1	120,8,1	120,8,1	120,8,1	88,8,1	88,8,1	88,8,1	88,8,1	88,8,1	72,8,1	64,8,1	56,8,1	96,8,1	96,8,1	88,8,1	120,8,1	144,8,1	144,8,1	128,8,1	112,8,1	96,8,1	96,8,1	128,8,1	96,8,1	128,8,1	96,8,1	96,8,1	104,8,1	128,8,1	72,8,1	160,8,1	112,8,1	96,8,1	80,8,1	96,8,1	112,8,1	96,8,1	48,8,1	112,8,1	112,8,1	112,8,1
Thân thể 08	120,8,1	120,8,1	88,8,1	88,8,1	88,8,1	88,8,1	120,8,1	120,8,1	120,8,1	120,8,1	120,8,1	88,8,1	88,8,1	88,8,1	88,8,1	88,8,1	72,8,1	64,8,1	56,8,1	96,8,1	96,8,1	88,8,1	120,8,1	144,8,1	144,8,1	128,8,1	112,8,1	96,8,1	96,8,1	128,8,1	96,8,1	128,8,1	96,8,1	96,8,1	104,8,1	128,8,1	72,8,1	160,8,1	112,8,1	96,8,1	80,8,1	96,8,1	112,8,1	96,8,1	48,8,1	112,8,1	112,8,1	112,8,1
Thân thể 09	120,8,1	120,8,1	88,8,1	88,8,1	88,8,1	88,8,1	120,8,1	120,8,1	120,8,1	120,8,1	120,8,1	88,8,1	88,8,1	88,8,1	88,8,1	88,8,1	72,8,1	64,8,1	56,8,1	96,8,1	96,8,1	88,8,1	120,8,1	144,8,1	144,8,1	128,8,1	112,8,1	96,8,1	96,8,1	128,8,1	96,8,1	128,8,1	96,8,1	96,8,1	104,8,1	128,8,1	72,8,1	160,8,1	112,8,1	96,8,1	80,8,1	96,8,1	112,8,1	96,8,1	48,8,1	112,8,1	112,8,1	112,8,1
Thân thể 10	120,8,1	120,8,1	88,8,1	88,8,1	88,8,1	88,8,1	120,8,1	120,8,1	120,8,1	120,8,1	120,8,1	88,8,1	88,8,1	88,8,1	88,8,1	88,8,1	72,8,1	64,8,1	56,8,1	96,8,1	96,8,1	88,8,1	120,8,1	144,8,1	144,8,1	128,8,1	112,8,1	96,8,1	96,8,1	128,8,1	96,8,1	128,8,1	96,8,1	96,8,1	104,8,1	128,8,1	72,8,1	160,8,1	112,8,1	96,8,1	80,8,1	96,8,1	112,8,1	96,8,1	48,8,1	112,8,1	112,8,1	112,8,1
Thân thể 11	120,8,1	120,8,1	88,8,1	88,8,1	88,8,1	88,8,1	120,8,1	120,8,1	120,8,1	120,8,1	120,8,1	88,8,1	88,8,1	88,8,1	88,8,1	88,8,1	72,8,1	64,8,1	56,8,1	96,8,1	96,8,1	88,8,1	120,8,1	144,8,1	144,8,1	128,8,1	112,8,1	96,8,1	96,8,1	128,8,1	96,8,1	128,8,1	96,8,1	96,8,1	104,8,1	128,8,1	72,8,1	160,8,1	112,8,1	96,8,1	80,8,1	96,8,1	112,8,1	96,8,1	48,8,1	112,8,1	112,8,1	112,8,1
Thân thể 12	120,8,1	120,8,1	88,8,1	88,8,1	88,8,1	88,8,1	120,8,1	120,8,1	120,8,1	120,8,1	120,8,1	88,8,1	88,8,1	88,8,1	88,8,1	88,8,1	72,8,1	64,8,1	56,8,1	96,8,1	96,8,1	88,8,1	120,8,1	144,8,1	144,8,1	128,8,1	112,8,1	96,8,1	96,8,1	128,8,1	96,8,1	128,8,1	96,8,1	96,8,1	104,8,1	128,8,1	72,8,1	160,8,1	112,8,1	96,8,1	80,8,1	96,8,1	112,8,1	96,8,1	48,8,1	112,8,1	112,8,1	112,8,1
Thân thể 13	120,8,1	120,8,1	88,8,1	88,8,1	88,8,1	88,8,1	120,8,1	120,8,1	120,8,1	120,8,1	120,8,1	88,8,1	88,8,1	88,8,1	88,8,1	88,8,1	72,8,1	64,8,1	56,8,1	96,8,1	96,8,1	88,8,1	120,8,1	144,8,1	144,8,1	128,8,1	112,8,1	96,8,1	96,8,1	128,8,1	96,8,1	128,8,1	96,8,1	96,8,1	104,8,1	128,8,1	72,8,1	160,8,1	112,8,1	96,8,1	80,8,1	96,8,1	112,8,1	96,8,1	48,8,1	112,8,1	112,8,1	112,8,1
Thân thể 14	120,8,1	120,8,1	88,8,1	88,8,1	88,8,1	88,8,1	120,8,1	120,8,1	120,8,1	120,8,1	120,8,1	88,8,1	88,8,1	88,8,1	88,8,1	88,8,1	72,8,1	64,8,1	56,8,1	96,8,1	96,8,1	88,8,1	120,8,1	144,8,1	144,8,1	128,8,1	112,8,1	96,8,1	96,8,1	128,8,1	96,8,1	128,8,1	96,8,1	96,8,1	104,8,1	128,8,1	72,8,1	160,8,1	112,8,1	96,8,1	80,8,1	96,8,1	112,8,1	96,8,1	48,8,1	112,8,1	112,8,1	112,8,1
Thân thể 15	120,8,1	120,8,1	88,8,1	88,8,1	88,8,1	88,8,1	120,8,1	120,8,1	120,8,1	120,8,1	120,8,1	88,8,1	88,8,1	88,8,1	88,8,1	88,8,1	72,8,1	64,8,1	56,8,1	96,8,1	96,8,1	88,8,1	120,8,1	144,8,1	144,8,1	128,8,1	112,8,1	96,8,1	96,8,1	128,8,1	96,8,1	128,8,1	96,8,1	96,8,1	104,8,1	128,8,1	72,8,1	160,8,1	112,8,1	96,8,1	80,8,1	96,8,1	112,8,1	96,8,1	48,8,1	112,8,1	112,8,1	112,8,1
Thân thể 16	120,8,1	120,8,1	88,8,1	88,8,1	88,8,1	88,8,1	120,8,1	120,8,1	120,8,1	120,8,1	120,8,1	88,8,1	88,8,1	88,8,1	88,8,1	88,8,1	72,8,1	64,8,1	56,8,1	96,8,1	96,8,1	88,8,1	120,8,1	144,8,1	144,8,1	128,8,1	112,8,1	96,8,1	96,8,1	128,8,1	96,8,1	128,8,1	96,8,1	96,8,1	104,8,1	128,8,1	72,8,1	160,8,1	112,8,1	96,8,1	80,8,1	96,8,1	112,8,1	96,8,1	48,8,1	112,8,1	112,8,1	112,8,1
Thân thể 17	120,8,1	120,8,1	88,8,1	88,8,1	88,8,1	88,8,1	120,8,1	120,8,1	120,8,1	120,8,1	120,8,1	88,8,1	88,8,1	88,8,1	88,8,1	88,8,1	72,8,1	64,8,1	56,8,1	96,8,1	96,8,1	88,8,1	120,8,1	144,8,1	144,8,1	128,8,1	112,8,1	96,8,1	96,8,1	128,8,1	96,8,1	128,8,1	96,8,1	96,8,1	104,8,1	128,8,1	72,8,1	160,8,1	112,8,1	96,8,1	80,8,1	96,8,1	112,8,1	96,8,1	48,8,1	112,8,1	112,8,1	112,8,1
Thân thể 18	120,8,1	120,8,1	88,8,1	88,8,1	88,8,1	88,8,1	120,8,1	120,8,1	120,8,1	120,8,1	120,8,1	88,8,1	88,8,1	88,8,1	88,8,1	88,8,1	72,8,1	64,8,1	56,8,1	96,8,1	96,8,1	88,8,1	120,8,1	144,8,1	144,8,1	128,8,1	112,8,1	96,8,1	96,8,1	128,8,1	96,8,1	128,8,1	96,8,1	96,8,1	104,8,1	128,8,1	72,8,1	160,8,1	112,8,1	96,8,1	80,8,1	96,8,1	112,8,1	96,8,1	48,8,1	112,8,1	112,8,1	112,8,1
Thân thể 19	120,8,1	120,8,1	88,8,1	88,8,1	88,8,1	88,8,1	120,8,1	120,8,1	120,8,1	120,8,1	120,8,1	88,8,1	88,8,1	88,8,1	88,8,1	88,8,1	72,8,1	64,8,1	56,8,1	96,8,1	96,8,1	88,8,1	120,8,1	144,8,1	144,8,1	128,8,1	112,8,1	96,8,1	96,8,1	128,8,1	96,8,1	128,8,1	96,8,1	96,8,1	104,8,1	128,8,1	72,8,1	160,8,1	112,8,1	96,8,1	80,8,1	96,8,1	112,8,1	96,8,1	48,8,1	112,8,1	112,8,1	112,8,1
Thân thể 20	120,8,1	120,8,1	88,8,1	88,8,1	88,8,1	88,8,1	120,8,1	120,8,1	120,8,1	120,8,1	120,8,1	88,8,1	88,8,1	88,8,1	88,8,1	88,8,1	72,8,1	64,8,1	56,8,1	96,8,1	96,8,1	88,8,1	120,8,1	144,8,1	144,8,1	128,8,1	112,8,1	96,8,1	96,8,1	128,8,1	96,8,1	128,8,1	96,8,1	96,8,1	104,8,1	128,8,1	72,8,1	160,8,1	112,8,1	96,8,1	80,8,1	96,8,1	112,8,1	96,8,1	48,8,1	112,8,1	112,8,1	112,8,1
Thân thể 21	120,8,1	120,8,1	88,8,1	88,8,1	88,8,1	88,8,1	120,8,1	120,8,1	120,8,1	120,8,1	120,8,1	88,8,1	88,8,1	88,8,1	88,8,1	88,8,1	72,8,1	64,8,1	56,8,1	96,8,1	96,8,1	88,8,1	120,8,1	144,8,1	144,8,1	128,8,1	112,8,1	96,8,1	96,8,1	128,8,1	96,8,1	128,8,1	96,8,1	96,8,1	104,8,1	128,8,1	72,8,1	160,8,1	112,8,1	96,8,1	80,8,1	96,8,1	112,8,1	96,8,1	48,8,1	112,8,1	112,8,1	112,8,1
Thân thể 22	120,8,1	120,8,1	88,8,1	88,8,1	88,8,1	88,8,1	120,8,1	120,8,1	120,8,1	120,8,1	120,8,1	88,8,1	88,8,1	88,8,1	88,8,1	88,8,1	72,8,1	64,8,1	56,8,1	96,8,1	96,8,1	88,8,1	120,8,1	144,8,1	144,8,1	128,8,1	112,8,1	96,8,1	96,8,1	128,8,1	96,8,1	128,8,1	96,8,1	96,8,1	104,8,1	128,8,1	72,8,1	160,8,1	112,8,1	96,8,1	80,8,1	96,8,1	112,8,1	96,8,1	48,8,1	112,8,1	112,8,1	112,8,1
Thân thể 23	120,8,1	120,8,1	88,8,1	88,8,1	88,8,1	88,8,1	120,8,1	120,8,1	120,8,1	120,8,1	120,8,1	88,8,1	88,8,1	88,8,1	88,8,1	88,8,1	72,8,1	64,8,1	56,8,1	96,8,1	96,8,1	88,8,1	120,8,1	144,8,1	144,8,1	128,8,1	112,8,1	96,8,1	96,8,1	128,8,1	96,8,1	128,8,1	96,8,1	96,8,1	104,8,1	128,8,1	72,8,1	160,8,1	112,8,1	96,8,1	80,8,1	96,8,1	112,8,1	96,8,1	48,8,1	112,8,1	112,8,1	112,8,1
Thân thể 24	120,8,1	120,8,1	88,8,1	88,8,1	88,8,1	88,8,1	120,8,1	120,8,1	120,8,1	120,8,1	120,8,1	88,8,1	88,8,1	88,8,1	88,8,1	88,8,1	72,8,1	64,8,1	56,8,1	96,8,1	96,8,1	88,8,1	120,8,1	144,8,1	144,8,1	128,8,1	112,8,1	96,8,1	96,8,1	128,8,1	96,8,1	128,8,1	96,8,1	96,8,1	104,8,1	128,8,1	72,8,1	160,8,1	112,8,1	96,8,1	80,8,1	96,8,1	112,8,1	96,8,1	48,8,1	112,8,1	112,8,1	112,8,1
Thân thể 25	120,8,1	120,8,1	88,8,1	88,8,1	88,8,1	88,8,1	120,8,1	120,8,1	120,8,1	120,8,1	120,8,1	88,8,1	88,8,1	88,8,1	88,8,1	88,8,1	72,8,1	64,8,1	56,8,1	96,8,1	96,8,1	88,8,1	120,8,1	144,8,1	144,8,1	128,8,1	112,8,1	96,8,1	96,8,1	128,8,1	96,8,1	128,8,1	96,8,1	96,8,1	104,8,1	128,8,1	72,8,1	160,8,1	112,8,1	96,8,1	80,8,1	96,8,1	112,8,1	96,8,1	48,8,1	112,8,1	112,8,1	112,8,1
Thân thể 26	120,8,1	120,8,1	88,8,1	88,8,1	88,8,1	88,8,1	120,8,1	120,8,1	120,8,1	120,8,1	120,8,1	88,8,1	88,8,1	88,8,1	88,8,1	88,8,1	72,8,1	64,8,1	56,8,1	96,8,1	96,8,1	88,8,1	120,8,1	144,8,1	144,8,1	128,8,1	112,8,1	96,8,1	96,8,1	128,8,1	96,8,1	128,8,1	96,8,1	96,8,1	104,8,1	128,8,1	72,8,1	160,8,1	112,8,1	96,8,1	80,8,1	96,8,1	112,8,1	96,8,1	48,8,1	112,8,1	112,8,1	112,8,1
Thân thể 27	120,8,1	120,8,1	88,8,1	88,8,1	88,8,1	88,8,1	120,8,1	120,8,1	120,8,1	120,8,1	120,8,1	88,8,1	88,8,1	88,8,1	88,8,1	88,8,1	72,8,1	64,8,1	56,8,1	96,8,1	96,8,1	88,8,1	120,8,1	144,8,1	144,8,1	128,8,1	112,8,1	96,8,1	96,8,1	128,8,1	96,8,1	128,8,1	96,8,1	96,8,1	104,8,1	128,8,1	72,8,1	160,8,1	112,8,1	96,8,1	80,8,1	96,8,1	112,8,1	96,8,1	48,8,1	112,8,1	112,8,1	112,8,1
Thân thể 28	120,8,1	120,8,1	88,8,1	88,8,1	88,8,1	88,8,1	120,8,1	120,8,1	120,8,1	120,8,1	120,8,1	88,8,1	88,8,1	88,8,1	88,8,1	88,8,1	72,8,1	64,8,1	56,8,1	96,8,1	96,8,1	88,8,1	120,8,1	144,8,1	144,8,1	128,8,1	112,8,1	96,8,1	96,8,1	128,8,1	96,8,1	128,8,1	96,8,1	96,8,1	104,8,1	128,8,1	72,8,1	160,8,1	112,8,1	96,8,1	80,8,1	96,8,1	112,8,1	96,8,1	48,8,1	112,8,1	112,8,1	112,8,1
Thân thể 29	120,8,1	120,8,1	88,8,1	88,8,1	88,8,1	88,8,1	120,8,1	120,8,1	120,8,1	120,8,1	120,8,1	88,8,1	88,8,1	88,8,1	88,8,1	88,8,1	72,8,1	64,8,1	56,8,1	96,8,1	96,8,1	88,8,1	120,8,1	144,8,1	144,8,1	128,8,1	112,8,1	96,8,1	96,8,1	128,8,1	96,8,1	128,8,1	96,8,1	96,8,1	104,8,1	128,8,1	72,8,1	160,8,1	112,8,1	96,8,1	80,8,1	96,8,1	112,8,1	96,8,1	48,8,1	112,8,1	112,8,1	112,8,1
Thân thể 30	120,8,1	120,8,1	88,8,1	88,8,1	88,8,1	88,8,1	120,8,1	120,8,1	120,8,1	120,8,1	120,8,1	88,8,1	88,8,1	88,8,1	88,8,1	88,8,1	72,8,1	64,8,1	56,8,1	96,8,1	96,8,1	88,8,1	120,8,1	144,8,1	144,8,1	128,8,1	112,8,1	96,8,1	96,8,1	128,8,1	96,8,1	128,8,1	96,8,1	96,8,1	104,8,1	128,8,1	72,8,1	160,8,1	112,8,1	96,8,1	80,8,1	96,8,1	112,8,1	96,8,1	48,8,1	112,8,1	112,8,1	112,8,1
Thân thể 31	120,8,1	120,8,1	88,8,1	88,8,1	88,8,1	88,8,1	120,8,1	120,8,1	120,8,1	120,8,1	120,8,1	88,8,1	88,8,1	88,8,1	88,8,1	88,8,1	72,8,1	64,8,1	56,8,1	96,8,1	96,8,1	88,8,1	120,8,1	144,8,1	144,8,1	128,8,1	112,8,1	96,8,1	96,8,1	128,8,1	96,8,1	128,8,1	96,8,1	96,8,1	104,8,1	128,8,1	72,8,1	160,8,1	112,8,1	96,8,1	80,8,1	96,8,1	112,8,1	96,8,1	48,8,1	112,8,1	112,8,1	112,8,1
Thân thể 32	120,8,1	120,8,1	88,8,1	88,8,1	88,8,1	88,8,1	120,8,1	120,8,1	120,8,1	120,8,1	120,8,1	88,8,1	88,8,1	88,8,1	88,8,1	88,8,1	72,8,1	64,8,1	56,8,1	96,8,1	96,8,1	88,8,1	120,8,1	144,8,1	144,8,1	128,8,1	112,8,1	96,8,1	96,8,1	128,8,1	96,8,1	128,8,1	96,8,1	96,8,1	104,8,1	128,8,1	72,8,1	160,8,1	112,8,1	96,8,1	80,8,1	96,8,1	112,8,1	96,8,1	48,8,1	112,8,1	112,8,1	112,8,1
Thân thể 33	120,8,1	120,8,1	88,8,1	88,8,1	88,8,1	88,8,1	120,8,1	120,8,1	120,8,1	120,8,1	120,8,1	88,8,1	88,8,1	88,8,1	88,8,1	88,8,1	72,8,1	64,8,1	56,8,1	96,8,1	96,8,1	88,8,1	120,8,1	144,8,1	144,8,1	128,8,1	112,8,1	96,8,1	96,8,1	128,8,1	96,8,1	128,8,1	96,8,1	96,8,1	104,8,1	128,8,1	72,8,1	160,8,1	112,8,1	96,8,1	80,8,1	96,8,1	112,8,1	96,8,1	48,8,1	112,8,1	112,8,1	112,8,1
Thân thể 34	120,8,1	120,8,1	88,8,1	88,8,1	88,8,1	88,8,1	120,8,1	120,8,1	120,8,1	120,8,1	120,8,1	88,8,1	88,8,1	88,8,1	88,8,1	88,8,1	72,8,1	64,8,1	56,8,1	96,8,1	96,8,1	88,8,1	120,8,1	144,8,1	144,8,1	128,8,1	112,8,1	96,8,1	96,8,1	128,8,1	96,8,1	128,8,1	96,8,1	96,8,1	104,8,1	128,8,1	72,8,1	160,8,1	112,8,1	96,8,1	80,8,1	96,8,1	112,8,1	96,8,1	48,8,1	112,8,1	112,8,1	112,8,1
Thân thể 35	120,8,1	120,8,1	88,8,1	88,8,1	88,8,1	88,8,1	120,8,1	120,8,1	120,8,1	120,8,1	120,8,1	88,8,1	88,8,1	88,8,1	88,8,1	88,8,1	72,8,1	64,8,1	56,8,1	96,8,1	96,8,1	88,8,1	120,8,1	144,8,1	144,8,1	128,8,1	112,8,1	96,8,1	96,8,1	128,8,1	96,8,1	128,8,1	96,8,1	96,8,1	104,8,1	128,8,1	72,8,1	160,8,1	112,8,1	96,8,1	80,8,1	96,8,1	112,8,1	96,8,1	48,8,1	112,8,1	112,8,1	112,8,1
Thân thể 36	120,8,1	120,8,1	88,8,1	88,8,1	88,8,1	88,8,1	120,8,1	120,8,1	120,8,1	120,8,1	120,8,1	88,8,1	88,8,1	88,8,1	88,8,1	88,8,1	72,8,1	64,8,1	56,8,1	96,8,1	96,8,1	88,8,1	120,8,1	144,8,1	144,8,1	128,8,1	112,8,1	96,8,1	96,8,1	128,8,1	96,8,1	128,8,1	96,8,1	96,8,1	104,8,1	128,8,1	72,8,1	160,8,1	112,8,1	96,8,1	80,8,1	96,8,1	112,8,1	96,8,1	48,8,1	112,8,1	112,8,1	112,8,1
Thân thể 37	120,8,1	120,8,1	88,8,1	88,8,1	88,8,1	88,8,1	120,8,1	120,8,1	120,8,1	120,8,1	120,8,1	88,8,1	88,8,1	88,8,1	88,8,1	88,8,1	72,8,1	64,8,1	56,8,1	96,8,1	96,8,1	88,8,1	120,8,1	144,8,1	144,8,1	128,8,1	112,8,1	96,8,1	96,8,1	128,8,1	96,8,1	128,8,1	96,8,1	96,8,1	104,8,1	128,8,1	72,8,1	160,8,1	112,8,1	96,8,1	80,8,1	96,8,1	112,8,1	96,8,1	48,8,1	112,8,1	112,8,1	112,8,1
Thân thể 38	120,8,1	120,8,1	88,8,1	88,8,1	88,8,1	88,8,1	120,8,1	120,8,1	120,8,1	120,8,1	120,8,1	88,8,1	88,8,1	88,8,1	88,8,1	88,8,1	72,8,1	64,8,1	56,8,1	96,8,1	96,8,1	88,8,1	120,8,1	144,8,1	144,8,1	128,8,1	112,8,1	96,8,1	96,8,1	128,8,1	96,8,1	128,8,1	96,8,1	96,8,1	104,8,1	128,8,1	72,8,1	160,8,1	112,8,1	96,8,1	80,8,1	96,8,1	112,8,1	96,8,1	48,8,1	112,8,1	112,8,1	112,8,1
Thân thể 39	120,8,1	120,8,1	88,8,1	88,8,1	88,8,1	88,8,1	120,8,1	120,8,1	120,8,1	120,8,1	120,8,1	88,8,1	88,8,1	88,8,1	88,8,1	88,8,1	72,8,1	64,8,1	56,8,1	96,8,1	96,8,1	88,8,1	120,8,1	144,8,1	144,8,1	128,8,1	112,8,1	96,8,1	96,8,1	128,8,1	96,8,1	128,8,1	96,8,1	96,8,1	104,8,1	128,8,1	72,8,1	160,8,1	112,8,1	96,8,1	80,8,1	96,8,1	112,8,1	96,8,1	48,8,1	112,8,1	112,8,1	112,8,1
Thân thể 40	120,8,1	120,8,1	88,8,1	88,8,1	88,8,1	88,8,1	120,8,1	120,8,1	120,8,1	120,8,1	120,8,1	88,8,1	88,8,1	88,8,1	88,8,1	88,8,1	72,8,1	64,8,1	56,8,1	96,8,1	96,8,1	88,8,1	120,8,1	144,8,1	144,8,1	128,8,1	112,8,1	96,8,1	96,8,1	128,8,1	96,8,1	128,8,1	96,8,1	96,8,1	104,8,1	128,8,1	72,8,1	160,8,1	112,8,1	96,8,1	80,8,1	96,8,1	112,8,1	96,8,1	48,8,1	112,8,1	112,8,1	112,8,1
Thân thể 41	120,8,1	120,8,1	88,8,1	88,8,1	88,8,1	88,8,1	120,8,1	120,8,1	120,8,1	120,8,1	120,8,1	88,8,1	88,8,1	88,8,1	88,8,1	88,8,1	72,8,1	64,8,1	56,8,1	96,8,1	96,8,1	88,8,1	120,8,1	144,8,1	144,8,1	128,8,1	112,8,1	96,8,1	96,8,1	128,8,1	96,8,1	128,8,1	96,8,1	96,8,1	104,8,1	128,8,1	72,8,1	160,8,1	112,8,1	96,8,1	80,8,1	96,8,1	112,8,1	96,8,1	48,8,1	112,8,1	112,8,1	112,8,1
Thân thể 42	120,8,1	120,8,1	88,8,1	88,8,1	88,8,1	88,8,1	120,8,1	120,8,1	120,8,1	120,8,1	120,8,1	88,8,1	88,8,1	88,8,1	88,8,1	88,8,1	72,8,1	64,8,1	56,8,1	96,8,1	96,8,1	88,8,1	120,8,1	144,8,1	144,8,1	128,8,1	112,8,1	96,8,1	96,8,1	128,8,1	96,8,1	128,8,1	96,8,1	96,8,1	104,8,1	128,8,1	72,8,1	160,8,1	112,8,1	96,8,1	80,8,1	96,8,1	112,8,1	96,8,1	48,8,1	112,8,1	112,8,1	112,8,1
Thân thể 43	120,8,133	88,8,159	88,8,159	88,8,159	88,8,159	88,8,159	112,8,110	112,8,110	112,8,110	112,8,110	112,8,110	96,8,125	96,8,125	96,8,125	96,8,125	96,8,125	72,8,1	64,8,1	56,8,1	96,8,1	96,8,1	88,8,1	120,8,1	144,8,1	144,8,1	128,8,1	112,8,1	96,8,1	96,8,1	128,8,1	96,8,1	128,8,1	96,8,1	96,8,1	104,8,1	128,8,1	120,8,150	160,8,1	112,8,1	96,8,1	80,8,1	96,8,1	112,8,1	96,8,1	48,8,1	112,8,1	112,8,1	112,8,1
Thân thể 44	136,8,102	88,8,136	88,8,136	88,8,136	88,8,136	88,8,136	112,8,107	112,8,107	112,8,107	112,8,107	112,8,107	96,8,125	96,8,125	96,8,125	96,8,125	96,8,125	72,8,1	64,8,1	56,8,1	96,8,1	96,8,1	88,8,1	120,8,1	144,8,1	144,8,1	128,8,1	112,8,1	96,8,1	96,8,1	128,8,1	96,8,1	128,8,1	96,8,1	96,8,1	104,8,1	128,8,1	128,8,93	160,8,1	112,8,1	96,8,1	80,8,1	96,8,1	112,8,1	96,8,1	48,8,1	112,8,1	112,8,1	112,8,1
Thân thể 45	128,8,160	88,8,181	88,8,181	88,8,181	88,8,181	88,8,181	112,8,110	112,8,110	112,8,110	112,8,110	112,8,110	96,8,125	96,8,125	96,8,125	96,8,125	96,8,125	72,8,1	64,8,1	56,8,1	96,8,1	96,8,1	88,8,1	120,8,1	144,8,1	144,8,1	128,8,1	112,8,1	96,8,1	96,8,1	128,8,1	96,8,1	128,8,1	96,8,1	96,8,1	104,8,1	128,8,1	128,8,155	160,8,1	112,8,1	96,8,1	80,8,1	96,8,1	112,8,1	96,8,1	48,8,1	112,8,1	112,8,1	112,8,1
Thân thể 45	88,8,250	88,8,250	88,8,250	88,8,250	88,8,250	88,8,250	120,8,100	120,8,100	120,8,100	120,8,100	120,8,100	96,8,80	96,8,80	96,8,80	96,8,80	96,8,80	72,8,1	64,8,1	56,8,1	96,8,1	96,8,1	88,8,1	120,8,1	144,8,1	144,8,1	128,8,1	112,8,1	96,8,1	96,8,1	128,8,1	96,8,1	128,8,1	96,8,1	96,8,1	104,8,1	128,8,1	152,8,160	160,8,1	112,8,1	96,8,1	80,8,1	96,8,1	112,8,1	96,8,1	48,8,1	112,8,1	112,8,1	112,8,1

