EqName	FreeStand1	FreeStand2	FreeStand3	MeleeWStand	RangeWStand	DoubleWStand	FreeWalk	NormalWalk	MeleeWWalk	RangeWWalk	DoubleWWalk	FreeRun	NormalRun	MeleeWRun	RangeWRun	DoubleWRun	FreeWound	MeleeWWound	RangeWWound	DoubleWWound	FreeDie	MeleeWDie	RangeWDie	DoubleWDie	FreeAttack	MeleeWPuncture	MeleeWCut	RangeWPuncture	RangeWCut	DoubleWPull	DoubleWPound	DartThrow	FreeMagic	MeleeWMagic	RangeWMagic	DoubleWMagic	SitDown	Jump	RideStand	RideWalk	RideRun	RideCut	RidePuncture	RideMagic	RideWound	RideDie	RideStand1	RideStand2
Tay không	120,8,1	120,8,1	88,8,1				120,8,1	120,8,1				88,8,1	88,8,1				72,8,1				96,8,1				144,8,1							128,8,1	96,8,1				72,8,1	160,8,1	112,8,1	96,8,1	80,8,1	96,8,1	112,8,1	96,8,1	48,8,1	112,8,1	112,8,1	112,8,1
đơn thủ kiếm 1	120,8,1	120,8,1	88,8,1	88,8,1			120,8,1	120,8,1	120,8,1			88,8,1	88,8,1	88,8,1			72,8,1	64,8,1			96,8,1	88,8,1			144,8,1	128,8,1	112,8,1						96,8,1	96,8,1			72,8,1	160,8,1	112,8,1	96,8,1	80,8,1	96,8,1	112,8,1	96,8,1	48,8,1	112,8,1	112,8,1	112,8,1
đơn thủ kiếm 2	120,8,1	120,8,1	88,8,1	88,8,1			120,8,1	120,8,1	120,8,1			88,8,1	88,8,1	88,8,1			72,8,1	64,8,1			96,8,1	88,8,1			144,8,1	128,8,1	112,8,1						96,8,1	96,8,1			72,8,1	160,8,1	112,8,1	96,8,1	80,8,1	96,8,1	112,8,1	96,8,1	48,8,1	112,8,1	112,8,1	112,8,1
đơn thủ kiếm 3	120,8,1	120,8,1	88,8,1	88,8,1			120,8,1	120,8,1	120,8,1			88,8,1	88,8,1	88,8,1			72,8,1	64,8,1			96,8,1	88,8,1			144,8,1	128,8,1	112,8,1						96,8,1	96,8,1			72,8,1	160,8,1	112,8,1	96,8,1	80,8,1	96,8,1	112,8,1	96,8,1	48,8,1	112,8,1	112,8,1	112,8,1
đơn thủ đao 1	120,8,1	120,8,1	88,8,1	88,8,1			120,8,1	120,8,1	120,8,1			88,8,1	88,8,1	88,8,1			72,8,1	64,8,1			96,8,1	88,8,1			144,8,1	128,8,1	112,8,1						96,8,1	96,8,1			72,8,1	160,8,1	112,8,1	96,8,1	80,8,1	96,8,1	112,8,1	96,8,1	48,8,1	112,8,1	112,8,1	112,8,1
đơn thủ đao 2	120,8,1	120,8,1	88,8,1	88,8,1			120,8,1	120,8,1	120,8,1			88,8,1	88,8,1	88,8,1			72,8,1	64,8,1			96,8,1	88,8,1			144,8,1	128,8,1	112,8,1						96,8,1	96,8,1			72,8,1	160,8,1	112,8,1	96,8,1	80,8,1	96,8,1	112,8,1	96,8,1	48,8,1	112,8,1	112,8,1	112,8,1
đơn thủ đao 3	120,8,1	120,8,1	88,8,1	88,8,1			120,8,1	120,8,1	120,8,1			88,8,1	88,8,1	88,8,1			72,8,1	64,8,1			96,8,1	88,8,1			144,8,1	128,8,1	112,8,1						96,8,1	96,8,1			72,8,1	160,8,1	112,8,1	96,8,1	80,8,1	96,8,1	112,8,1	96,8,1	48,8,1	112,8,1	112,8,1	112,8,1
Loại trường thương 1	120,8,1	120,8,1	88,8,1		88,8,1		120,8,1	120,8,1		120,8,1		88,8,1	88,8,1		88,8,1		72,8,1		56,8,1		96,8,1		120,8,1		144,8,1			96,8,1	96,8,1				96,8,1		104,8,1		72,8,1	160,8,1	112,8,1	96,8,1	80,8,1	96,8,1	112,8,1	96,8,1	48,8,1	112,8,1	112,8,1	112,8,1
Loại trường thương 2	120,8,1	120,8,1	88,8,1		88,8,1		120,8,1	120,8,1		120,8,1		88,8,1	88,8,1		88,8,1		72,8,1		56,8,1		96,8,1		120,8,1		144,8,1			96,8,1	96,8,1				96,8,1		104,8,1		72,8,1	160,8,1	112,8,1	96,8,1	80,8,1	96,8,1	112,8,1	96,8,1	48,8,1	112,8,1	112,8,1	112,8,1
Loại trường thương 3	120,8,1	120,8,1	88,8,1		88,8,1		120,8,1	120,8,1		120,8,1		88,8,1	88,8,1		88,8,1		72,8,1		56,8,1		96,8,1		120,8,1		144,8,1			96,8,1	96,8,1				96,8,1		104,8,1		72,8,1	160,8,1	112,8,1	96,8,1	80,8,1	96,8,1	112,8,1	96,8,1	48,8,1	112,8,1	112,8,1	112,8,1
Loại trường côn 1	120,8,1	120,8,1	88,8,1		88,8,1		120,8,1	120,8,1		120,8,1		88,8,1	88,8,1		88,8,1		72,8,1		56,8,1		96,8,1		120,8,1		144,8,1			96,8,1	96,8,1				96,8,1		104,8,1		72,8,1	160,8,1	112,8,1	96,8,1	80,8,1	96,8,1	112,8,1	96,8,1	48,8,1	112,8,1	112,8,1	112,8,1
Loại trường côn 2	120,8,1	120,8,1	88,8,1		88,8,1		120,8,1	120,8,1		120,8,1		88,8,1	88,8,1		88,8,1		72,8,1		56,8,1		96,8,1		120,8,1		144,8,1			96,8,1	96,8,1				96,8,1		104,8,1		72,8,1	160,8,1	112,8,1	96,8,1	80,8,1	96,8,1	112,8,1	96,8,1	48,8,1	112,8,1	112,8,1	112,8,1
Loại trường côn 3	120,8,1	120,8,1	88,8,1		88,8,1		120,8,1	120,8,1		120,8,1		88,8,1	88,8,1		88,8,1		72,8,1		56,8,1		96,8,1		120,8,1		144,8,1			96,8,1	96,8,1				96,8,1		104,8,1		72,8,1	160,8,1	112,8,1	96,8,1	80,8,1	96,8,1	112,8,1	96,8,1	48,8,1	112,8,1	112,8,1	112,8,1
Loại Song kiếm 1	120,8,1	120,8,1	88,8,1			88,8,1	120,8,1	120,8,1			120,8,1	88,8,1	88,8,1			88,8,1	72,8,1			96,8,1	96,8,1			144,8,1	144,8,1					128,8,1	96,8,1		96,8,1			128,8,1	72,8,1	160,8,1	112,8,1	96,8,1	80,8,1	96,8,1	112,8,1	96,8,1	48,8,1	112,8,1	112,8,1	112,8,1
Loại Song kiếm 2	120,8,1	120,8,1	88,8,1			88,8,1	120,8,1	120,8,1			120,8,1	88,8,1	88,8,1			88,8,1	72,8,1			96,8,1	96,8,1			144,8,1	144,8,1					128,8,1	96,8,1		96,8,1			128,8,1	72,8,1	160,8,1	112,8,1	96,8,1	80,8,1	96,8,1	112,8,1	96,8,1	48,8,1	112,8,1	112,8,1	112,8,1
Loại Song kiếm 3	120,8,1	120,8,1	88,8,1			88,8,1	120,8,1	120,8,1			120,8,1	88,8,1	88,8,1			88,8,1	72,8,1			96,8,1	96,8,1			144,8,1	144,8,1					128,8,1	96,8,1		96,8,1			128,8,1	72,8,1	160,8,1	112,8,1	96,8,1	80,8,1	96,8,1	112,8,1	96,8,1	48,8,1	112,8,1	112,8,1	112,8,1
Loại Song chùy 1	120,8,1	120,8,1	88,8,1			88,8,1	120,8,1	120,8,1			120,8,1	88,8,1	88,8,1			88,8,1	72,8,1			96,8,1	96,8,1			144,8,1	144,8,1					128,8,1	96,8,1		96,8,1			128,8,1	72,8,1	160,8,1	112,8,1	96,8,1	80,8,1	96,8,1	112,8,1	96,8,1	48,8,1	112,8,1	112,8,1	112,8,1
Loại Song chùy 2	120,8,1	120,8,1	88,8,1			88,8,1	120,8,1	120,8,1			120,8,1	88,8,1	88,8,1			88,8,1	72,8,1			96,8,1	96,8,1			144,8,1	144,8,1					128,8,1	96,8,1		96,8,1			128,8,1	72,8,1	160,8,1	112,8,1	96,8,1	80,8,1	96,8,1	112,8,1	96,8,1	48,8,1	112,8,1	112,8,1	112,8,1
Loại Song chùy 3	120,8,1	120,8,1	88,8,1			88,8,1	120,8,1	120,8,1			120,8,1	88,8,1	88,8,1			88,8,1	72,8,1			96,8,1	96,8,1			144,8,1	144,8,1					128,8,1	96,8,1		96,8,1			128,8,1	72,8,1	160,8,1	112,8,1	96,8,1	80,8,1	96,8,1	112,8,1	96,8,1	48,8,1	112,8,1	112,8,1	112,8,1
ám khí 	120,8,1	120,8,1	88,8,1				120,8,1	120,8,1				88,8,1	88,8,1				72,8,1				96,8,1				144,8,1							128,8,1	96,8,1				72,8,1	160,8,1	112,8,1	96,8,1	80,8,1	96,8,1	112,8,1	96,8,1	48,8,1	112,8,1	112,8,1	112,8,1
đơn thủ kiếm 4	120,8,1	120,8,1	88,8,1	88,8,1			120,8,1	120,8,1	120,8,1			88,8,1	88,8,1	88,8,1			72,8,1	64,8,1			96,8,1	88,8,1			144,8,1	128,8,1	112,8,1						96,8,1	96,8,1			72,8,1	160,8,1	112,8,1	96,8,1	80,8,1	96,8,1	112,8,1	96,8,1	48,8,1	112,8,1	112,8,1	112,8,1
đơn thủ kiếm 5	120,8,1	120,8,1	88,8,1	88,8,1			120,8,1	120,8,1	120,8,1			88,8,1	88,8,1	88,8,1			72,8,1	64,8,1			96,8,1	88,8,1			144,8,1	128,8,1	112,8,1						96,8,1	96,8,1			72,8,1	160,8,1	112,8,1	96,8,1	80,8,1	96,8,1	112,8,1	96,8,1	48,8,1	112,8,1	112,8,1	112,8,1
đơn thủ đao 4	120,8,1	120,8,1	88,8,1	88,8,1			120,8,1	120,8,1	120,8,1			88,8,1	88,8,1	88,8,1			72,8,1	64,8,1			96,8,1	88,8,1			144,8,1	128,8,1	112,8,1						96,8,1	96,8,1			72,8,1	160,8,1	112,8,1	96,8,1	80,8,1	96,8,1	112,8,1	96,8,1	48,8,1	112,8,1	112,8,1	112,8,1
đơn thủ đao 5	120,8,1	120,8,1	88,8,1	88,8,1			120,8,1	120,8,1	120,8,1			88,8,1	88,8,1	88,8,1			72,8,1	64,8,1			96,8,1	88,8,1			144,8,1	128,8,1	112,8,1						96,8,1	96,8,1			72,8,1	160,8,1	112,8,1	96,8,1	80,8,1	96,8,1	112,8,1	96,8,1	48,8,1	112,8,1	112,8,1	112,8,1
Loại trường thương 4	120,8,1	120,8,1	88,8,1		88,8,1		120,8,1	120,8,1		120,8,1		88,8,1	88,8,1		88,8,1		72,8,1		56,8,1		96,8,1		120,8,1		144,8,1			96,8,1	96,8,1				96,8,1		104,8,1		72,8,1	160,8,1	112,8,1	96,8,1	80,8,1	96,8,1	112,8,1	96,8,1	48,8,1	112,8,1	112,8,1	112,8,1
Loại trường thương 5	120,8,1	120,8,1	88,8,1		88,8,1		120,8,1	120,8,1		120,8,1		88,8,1	88,8,1		88,8,1		72,8,1		56,8,1		96,8,1		120,8,1		144,8,1			96,8,1	96,8,1				96,8,1		104,8,1		72,8,1	160,8,1	112,8,1	96,8,1	80,8,1	96,8,1	112,8,1	96,8,1	48,8,1	112,8,1	112,8,1	112,8,1
Loại trường côn 4	120,8,1	120,8,1	88,8,1		88,8,1		120,8,1	120,8,1		120,8,1		88,8,1	88,8,1		88,8,1		72,8,1		56,8,1		96,8,1		120,8,1		144,8,1			96,8,1	96,8,1				96,8,1		104,8,1		72,8,1	160,8,1	112,8,1	96,8,1	80,8,1	96,8,1	112,8,1	96,8,1	48,8,1	112,8,1	112,8,1	112,8,1
Loại trường côn 5	120,8,1	120,8,1	88,8,1		88,8,1		120,8,1	120,8,1		120,8,1		88,8,1	88,8,1		88,8,1		72,8,1		56,8,1		96,8,1		120,8,1		144,8,1			96,8,1	96,8,1				96,8,1		104,8,1		72,8,1	160,8,1	112,8,1	96,8,1	80,8,1	96,8,1	112,8,1	96,8,1	48,8,1	112,8,1	112,8,1	112,8,1
Loại Song kiếm 4	120,8,1	120,8,1	88,8,1			88,8,1	120,8,1	120,8,1			120,8,1	88,8,1	88,8,1			88,8,1	72,8,1			96,8,1	96,8,1			144,8,1	144,8,1					128,8,1	96,8,1		96,8,1			128,8,1	72,8,1	160,8,1	112,8,1	96,8,1	80,8,1	96,8,1	112,8,1	96,8,1	48,8,1	112,8,1	112,8,1	112,8,1
Loại Song kiếm 5	120,8,1	120,8,1	88,8,1			88,8,1	120,8,1	120,8,1			120,8,1	88,8,1	88,8,1			88,8,1	72,8,1			96,8,1	96,8,1			144,8,1	144,8,1					128,8,1	96,8,1		96,8,1			128,8,1	72,8,1	160,8,1	112,8,1	96,8,1	80,8,1	96,8,1	112,8,1	96,8,1	48,8,1	112,8,1	112,8,1	112,8,1
Loại Song chùy 4	120,8,1	120,8,1	88,8,1			88,8,1	120,8,1	120,8,1			120,8,1	88,8,1	88,8,1			88,8,1	72,8,1			96,8,1	96,8,1			144,8,1	144,8,1					128,8,1	96,8,1		96,8,1			128,8,1	72,8,1	160,8,1	112,8,1	96,8,1	80,8,1	96,8,1	112,8,1	96,8,1	48,8,1	112,8,1	112,8,1	112,8,1
Loại Song chùy 5	120,8,1	120,8,1	88,8,1			88,8,1	120,8,1	120,8,1			120,8,1	88,8,1	88,8,1			88,8,1	72,8,1			96,8,1	96,8,1			144,8,1	144,8,1					128,8,1	96,8,1		96,8,1			128,8,1	72,8,1	160,8,1	112,8,1	96,8,1	80,8,1	96,8,1	112,8,1	96,8,1	48,8,1	112,8,1	112,8,1	112,8,1
Null

